Matrix 1:
| 01  02  03  04  05 |
| 06  07  08  09  10 |
| 11  12  13  14  15 |
| 16  17  18  19  20 |
| 21  22  23  24  25 |

Matrix 2:
| 25  24  23  22  21 |
| 20  19  18  17  16 |
| 15  14  13  12  11 |
| 10  09  08  07  06 |
| 05  04  03  02  01 |

Matrix1 + Matrix2:
| 26  26  26  26  26 |
| 26  26  26  26  26 |
| 26  26  26  26  26 |
| 26  26  26  26  26 |
| 26  26  26  26  26 |

Matrix1 * Matrix2:
| 175  160  145  130  115 |
| 550  510  470  430  390 |
| 925  860  795  730  665 |
| 1300  1210  1120  1030  940 |
| 1675  1560  1445  1330  1215 |

Matrix 1 Transpose:
| 01  06  11  16  21 |
| 02  07  12  17  22 |
| 03  08  13  18  23 |
| 04  09  14  19  24 |
| 05  10  15  20  25 |

Matrix 2 Transpose:
| 25  20  15  10  05 |
| 24  19  14  09  04 |
| 23  18  13  08  03 |
| 22  17  12  07  02 |
| 21  16  11  06  01 |